100 100 100 100 100 100 100 100 100 100 100 100 100 100 100 100 100 100 100 100 100 100 100 100 100 100 100 100 100 100 100 100 100 100
30 30 30 30 30 30 30 30 100 100 100 100 100 100 100 100 100 100 100 100 100 100 100 100 100 100 100 100 100 100 100 100 100 50 50 50 50 50 50 50 50 50 50
50 50 50 50 50 50 50 50 50 50 50 100 100 100
100 100 100 100 100 100 100 100 100 100 100 100 100 100 100 100 100 100
100 100 100 100 100 100 100 100 100 100 100
50 50
50 50 50 50 50 50 50 50 50 50 50 50 50 50 50 50 50 50 50 50 50
50 50 100 50 50 10 10 10 10 10 10 10 10 10 10 10 10 10 10 10
100
30 30 30 30 30 30 30 30 30 30
50 50 50 50 50 50 50 50 50 50 50 50 50 50 50 50 50 50 50 50 50 50 50 50 50 50 50 50 50 50 50 50 50 50
50 50 50 50
30 30 30 30 30 30 30 30 30 30
50 50 50 50 50 50 50 30 30 30 30 30 30
10 10 10 10 10 10 10 10 10 10 10 10 10 10 10
50 50 50 50 100 100
100 100 100 100 100 100
100 100 100 100 100 100 100 100 100 100 100
100 100 100 100 100 100 100 100 100 100 100 100 100 100 100 100
100 100 100 100 100 100 100 100 100 100
100 50 40 100
50 100 100 100 100
100 100 100 100 100
20 10 100 10 10 10 10 10 10
100 100 30 100 50 50 50 50 50 100 50 50
10 10 10 100 50 50 10 10 10 50 50
50 10 30 30 100 10
30 10 10 10 100 100

10 10 10
10 100 10 100 100 100 100 50
10 10 10
100 50 100
