1310500064
100000 0 0 100000 0 0 100000 0 0
1 100000 0 0
2 100000 0 0
3 100000 0 0
4 100000 0 0
5 100000 0 0
6 100000 0 0
7 100000 0 0
8 100000 0 0
9 100000 0 0
10 100000 0 0
11 100000 0 0
12 100000 0 0
13 100000 0 0
14 100000 0 0
15 100000 0 0
16 100000 0 0
17 100000 0 0
18 100000 0 0
19 100000 0 0
20 100000 0 0
21 100000 0 0
22 100000 0 0
23 100000 0 0
24 100000 0 0
E1 100000 0 0
E2 100000 0 0
E3 100000 0 0
E4 100000 0 0
E5 100000 0 0
E6 100000 0 0
E7 100000 0 0
E9 100000 0 0
E10 100000 0 0
E11 100000 0 0
E12 100000 0 0
