10 10 10 10 10 30 10 10 10 10 10 30 10 10 10 10 10 10 10 10 10
10 10 10 10 10 10 10 10 10 10 10 10 10 10
10 10 10 10 10 10 10 10 10 10 10 40 10 10 10 10
10 10 10 10 10 10 10 10 10
10 10 10 10 10 10 10 10 10 10 10 10 10 10 10 10 10 10 10 10 10 10 10 10
10 10 10 10 10 10 10 10 10 10 10 10 10 10 10 10 10
10 10 10 10 10 10 10 30 30 10 10
10 10 10 10 10 10 10 10 10 0 10 10 10 10 10 30 50 10
10 10 10 10 10 10 10 10 10 10 10 10 10 10 10 10 10
10 10 10 10 30 10 10 10 10 10
20 20 20 10 10 20 30 10
10 10 10 10 10 10 10
