10 10 10 10 10 10 10 10 10 10 10 10 10
10 10 10 10 20 10 10 20 20 20 10
10 10 10 10 10 10 10 10 10 10 10 10 10 10
10 10 10 10 10
10 10 20 10 10 20 10 10 20 20
10 10 10 20 10 20 10 20 10 20 20 10 20 20 20 20 20 10
10 10 10 10 10 10 10 10 10 10 10 10
10 10 10 10 10 10 10 10 10 10 10 10 10
10 30 20 20 10 10 10 10 10
10 10 10 10 10 10 10
10 20 20 10 10 10 10 10 10 10 10 10 10 10 10 10
10 10

10 10 10 10 10 10 10 10
10 10 10 10 10 10 10 10 10 10
10 10 10 0 10 10
10 10 10 10 10 10 10
10 10 10 10 10 10 10 10 10
