20 20 20 20 20 20 20 20 50 50 50 10 10 10 10 10 10 10 10 20 10
10 10 10 10 40 40 30 20 20 20 20 10 20 20 10 10 10 20
10 10 10 10 10 10 10 10 10 10 10 30
10 10 10 10 10 10 10 10 10 10 10 10 10 10 10 10 10 30 10 10
10 10 20 10 10 10 10 20 20 10 10 10 10 10 30 10 20 10 10 10 10 10 10
10 10 20 10 10 10 10 20 10 30
10 10 10 10 10 10 10 10 10 10 10 10 10 10 10 10 10 10 10 10 10 10 10 10
10 10 10 10 10 20 10 10 10 10 20 10 10 10 10 10 10 10 10 10 10 10 10 10 10 10 10 10
10 30 10 10 10 10 10 10 10 10 10 10 10 10 10 10 10 10 10 10 0
10 10 10 10 10 10 10 10 10 10 10 10 10 10 10 10 10 10 10 10 10 10 10 10 10 10 10 10 10 10 10
10 10 10 10 10 10 10 10 10 10
10 10 30 30 30 10 10 10 10 30 10 10
10 10 10 10 10 10 10 10 10 10 30 10 10 10 10
40 10 10 10 10 10 10 10 30 30 10 10 10
10 10 10 10 10 10 10 10
10 10 10 10 10
